# Time-averaged data for fix rdf_output
# TimeStep Number-of-rows
# Row c_myRDF[1] c_myRDF[2] c_myRDF[3]
100 100
1 0.035 0 0
2 0.105 0 0
3 0.175 0 0
4 0.245 0 0
5 0.315 0 0
6 0.385 0 0
7 0.455 0 0
8 0.525 0 0
9 0.595 0 0
10 0.665 0 0
11 0.735 0 0
12 0.805 0 0
13 0.875 0 0
14 0.945 0 0
15 1.015 0 0
16 1.085 0 0
17 1.155 0 0
18 1.225 0 0
19 1.295 0 0
20 1.365 0 0
21 1.435 0 0
22 1.505 0 0
23 1.575 0 0
24 1.645 0 0
25 1.715 0 0
26 1.785 0 0
27 1.855 0 0
28 1.925 0 0
29 1.995 0 0
30 2.065 0 0
31 2.135 0 0
32 2.205 0 0
33 2.275 0 0
34 2.345 0 0
35 2.415 0 0
36 2.485 0 0
37 2.555 0 0
38 2.625 0 0
39 2.695 0 0
40 2.765 0.0127288 0.00234375
41 2.835 0.024216 0.00703125
42 2.905 0.0538138 0.0179687
43 2.975 0.0916274 0.0375
44 3.045 0.206413 0.0835937
45 3.115 0.320934 0.158594
46 3.185 0.454079 0.269531
47 3.255 0.630707 0.430469
48 3.325 0.962396 0.686719
49 3.395 1.1933 1.01797
50 3.465 1.66163 1.49844
51 3.535 2.46609 2.24063
52 3.605 3.52444 3.34375
53 3.675 6.69884 5.52266
54 3.745 6.96424 7.875
55 3.815 3.6174 9.14297
56 3.885 2.40285 10.0164
57 3.955 1.61137 10.6234
58 4.025 1.08326 11.0461
59 4.095 0.731228 11.3414
60 4.165 0.514247 11.5563
61 4.235 0.32918 11.6984
62 4.305 0.220543 11.7969
63 4.375 0.171173 11.8758
64 4.445 0.136271 11.9406
65 4.515 0.0986613 11.9891
66 4.585 0.0941287 12.0367
67 4.655 0.103295 12.0906
68 4.725 0.124959 12.1578
69 4.795 0.156609 12.2445
70 4.865 0.232999 12.3773
71 4.935 0.283712 12.5437
72 5.005 0.39756 12.7836
73 5.075 0.576854 13.1414
74 5.145 0.835769 13.6742
75 5.215 1.62697 14.7398
76 5.285 1.73978 15.9102
77 5.355 0.976258 16.5844
78 5.425 0.628273 17.0297
79 5.495 0.426509 17.3398
80 5.565 0.31529 17.575
81 5.635 0.246208 17.7633
82 5.705 0.216283 17.9328
83 5.775 0.21399 18.1047
84 5.845 0.242128 18.3039
85 5.915 0.339348 18.5898
86 5.985 0.437414 18.9672
87 6.055 0.620246 19.5148
88 6.125 0.829241 20.2641
89 6.195 1.13096 21.3094
90 6.265 1.58932 22.8117
91 6.335 2.42252 25.1531
92 6.405 4.47325 29.5727
93 6.475 4.53644 34.1531
94 6.545 2.393 36.6219
95 6.615 1.60129 38.3094
96 6.685 1.09682 39.4898
97 6.755 0.737231 40.3
98 6.825 0.557831 40.9258
99 6.895 0.451033 41.4422
100 6.965 0.369124 41.8734
200 100
1 0.035 0 0
2 0.105 0 0
3 0.175 0 0
4 0.245 0 0
5 0.315 0 0
6 0.385 0 0
7 0.455 0 0
8 0.525 0 0
9 0.595 0 0
10 0.665 0 0
11 0.735 0 0
12 0.805 0 0
13 0.875 0 0
14 0.945 0 0
15 1.015 0 0
16 1.085 0 0
17 1.155 0 0
18 1.225 0 0
19 1.295 0 0
20 1.365 0 0
21 1.435 0 0
22 1.505 0 0
23 1.575 0 0
24 1.645 0 0
25 1.715 0 0
26 1.785 0 0
27 1.855 0 0
28 1.925 0 0
29 1.995 0 0
30 2.065 0 0
31 2.135 0 0
32 2.205 0 0
33 2.275 0 0
34 2.345 0 0
35 2.415 0 0
36 2.485 0 0
37 2.555 0 0
38 2.625 0.0141226 0.00234375
39 2.695 0.022331 0.00625
40 2.765 0.0636439 0.0179687
41 2.835 0.310772 0.078125
42 2.905 0.695736 0.219531
43 2.975 1.53567 0.546875
44 3.045 2.00816 0.995313
45 3.115 2.14959 1.49766
46 3.185 2.36952 2.07656
47 3.255 2.34219 2.67422
48 3.325 2.33557 3.29609
49 3.395 2.229 3.91484
50 3.465 1.99665 4.49219
51 3.535 1.88462 5.05938
52 3.605 1.68983 5.58828
53 3.675 1.75337 6.15859
54 3.745 1.52654 6.67422
55 3.815 1.34176 7.14453
56 3.885 1.35832 7.63828
57 3.955 1.26504 8.11484
58 4.025 1.08526 8.53828
59 4.095 1.01559 8.94844
60 4.165 1.00979 9.37031
61 4.235 0.907959 9.7625
62 4.305 0.871671 10.1516
63 4.375 0.867728 10.5516
64 4.445 0.735537 10.9016
65 4.515 0.695403 11.243
66 4.585 0.658901 11.5766
67 4.655 0.606299 11.893
68 4.725 0.645135 12.2398
69 4.795 0.636313 12.5922
70 4.865 0.618134 12.9445
71 4.935 0.642014 13.3211
72 5.005 0.620297 13.6953
73 5.075 0.625974 14.0836
74 5.145 0.661752 14.5055
75 5.215 0.727602 14.982
76 5.285 0.835049 15.5437
77 5.355 0.781686 16.0836
78 5.425 0.694407 16.5758
79 5.495 0.784261 17.1461
80 5.565 0.923872 17.8352
81 5.635 0.926602 18.5437
82 5.705 1.00168 19.3289
83 5.775 0.968789 20.107
84 5.845 1.15082 21.0539
85 5.915 1.20626 22.0703
86 5.985 1.10938 23.0273
87 6.055 1.12812 24.0234
88 6.125 1.15782 25.0695
89 6.195 1.2848 26.257
90 6.265 1.29262 27.4789
91 6.335 1.17853 28.618
92 6.405 1.14658 29.7508
93 6.475 1.21245 30.975
94 6.545 1.16242 32.1742
95 6.615 1.16167 33.3984
96 6.685 1.23474 34.7273
97 6.755 1.22279 36.0711
98 6.825 1.12263 37.3305
99 6.895 1.13202 38.6266
100 6.965 1.11473 39.9289
300 100
1 0.035 0 0
2 0.105 0 0
3 0.175 0 0
4 0.245 0 0
5 0.315 0 0
6 0.385 0 0
7 0.455 0 0
8 0.525 0 0
9 0.595 0 0
10 0.665 0 0
11 0.735 0 0
12 0.805 0 0
13 0.875 0 0
14 0.945 0 0
15 1.015 0 0
16 1.085 0 0
17 1.155 0 0
18 1.225 0 0
19 1.295 0 0
20 1.365 0 0
21 1.435 0 0
22 1.505 0 0
23 1.575 0 0
24 1.645 0 0
25 1.715 0 0
26 1.785 0 0
27 1.855 0 0
28 1.925 0 0
29 1.995 0 0
30 2.065 0 0
31 2.135 0 0
32 2.205 0 0
33 2.275 0 0
34 2.345 0 0
35 2.415 0 0
36 2.485 0.00525288 0.00078125
37 2.555 0.014907 0.003125
38 2.625 0.0800283 0.0164063
39 2.695 0.330498 0.0742188
40 2.765 0.530366 0.171875
41 2.835 1.06147 0.377344
42 2.905 1.46066 0.674219
43 2.975 1.98648 1.09766
44 3.045 2.77783 1.71797
45 3.115 2.7012 2.34922
46 3.185 2.74046 3.01875
47 3.255 2.67591 3.70156
48 3.325 2.36785 4.33203
49 3.395 2.03762 4.89766
50 3.465 1.78321 5.41328
51 3.535 1.60426 5.89609
52 3.605 1.31043 6.30625
53 3.675 1.28981 6.72578
54 3.745 1.13796 7.11016
55 3.815 0.960628 7.44688
56 3.885 0.780175 7.73047
57 3.955 0.819166 8.03906
58 4.025 0.834973 8.36484
59 4.095 0.878247 8.71953
60 4.165 0.865805 9.08125
61 4.235 0.794012 9.42422
62 4.305 0.724642 9.74766
63 4.375 0.621985 10.0344
64 4.445 0.668222 10.3523
65 4.515 0.746325 10.7188
66 4.585 0.799322 11.1234
67 4.655 0.78744 11.5344
68 4.725 0.752657 11.9391
69 4.795 0.692749 12.3227
70 4.865 0.834686 12.7984
71 4.935 0.824495 13.282
72 5.005 0.801594 13.7656
73 5.075 0.855204 14.2961
74 5.145 0.894591 14.8664
75 5.215 0.926798 15.4734
76 5.285 1.05688 16.1844
77 5.355 1.11993 16.9578
78 5.425 1.14412 17.7688
79 5.495 1.17639 18.6242
80 5.565 1.17003 19.4969
81 5.635 1.17792 20.3977
82 5.705 1.10733 21.2656
83 5.775 1.09524 22.1453
84 5.845 1.16411 23.1031
85 5.915 1.07553 24.0094
86 5.985 1.08584 24.9461
87 6.055 1.11485 25.9305
88 6.125 1.09816 26.9227
89 6.195 1.11744 27.9555
90 6.265 1.07277 28.9695
91 6.335 1.08314 30.0164
92 6.405 1.0596 31.0633
93 6.475 1.01283 32.0859
94 6.545 0.964773 33.0812
95 6.615 0.894793 34.0242
96 6.685 0.900833 34.9937
97 6.755 0.889369 35.9711
98 6.825 0.954789 37.0422
99 6.895 0.949831 38.1297
100 6.965 1.00239 39.3008
400 100
1 0.035 0 0
2 0.105 0 0
3 0.175 0 0
4 0.245 0 0
5 0.315 0 0
6 0.385 0 0
7 0.455 0 0
8 0.525 0 0
9 0.595 0 0
10 0.665 0 0
11 0.735 0 0
12 0.805 0 0
13 0.875 0 0
14 0.945 0 0
15 1.015 0 0
16 1.085 0 0
17 1.155 0 0
18 1.225 0 0
19 1.295 0 0
20 1.365 0 0
21 1.435 0 0
22 1.505 0 0
23 1.575 0 0
24 1.645 0 0
25 1.715 0 0
26 1.785 0 0
27 1.855 0 0
28 1.925 0 0
29 1.995 0 0
30 2.065 0 0
31 2.135 0 0
32 2.205 0 0
33 2.275 0.00626732 0.00078125
34 2.345 0 0.00078125
35 2.415 0.0111236 0.00234375
36 2.485 0.0210115 0.00546875
37 2.555 0.0596282 0.0148437
38 2.625 0.221255 0.0515625
39 2.695 0.549341 0.147656
40 2.765 0.818885 0.298438
41 2.835 1.40856 0.571094
42 2.905 1.84889 0.946875
43 2.975 2.04146 1.38203
44 3.045 2.36501 1.91016
45 3.115 2.52401 2.5
46 3.185 2.71168 3.1625
47 3.255 2.70959 3.85391
48 3.325 2.39719 4.49219
49 3.395 2.26558 5.12109
50 3.465 1.84265 5.65391
51 3.535 1.60426 6.13672
52 3.605 1.39779 6.57422
53 3.675 1.19373 6.9625
54 3.745 0.936737 7.27891
55 3.815 0.960628 7.61562
56 3.885 0.999398 7.97891
57 3.955 0.951892 8.3375
58 4.025 0.865008 8.675
59 4.095 0.800868 8.99844
60 4.165 0.807835 9.33594
61 4.235 0.723473 9.64844
62 4.305 0.621372 9.92578
63 4.375 0.706724 10.2516
64 4.445 0.671506 10.5711
65 4.515 0.701768 10.9156
66 4.585 0.649642 11.2445
67 4.655 0.724564 11.6227
68 4.725 0.69599 11.9969
69 4.795 0.82114 12.4516
70 4.865 0.853874 12.9383
71 4.935 0.956361 13.4992
72 5.005 0.999727 14.1023
73 5.075 0.997529 14.7211
74 5.145 1.02204 15.3727
75 5.215 1.09737 16.0914
76 5.285 1.07546 16.8148
77 5.355 1.1335 17.5977
78 5.425 1.16616 18.4242
79 5.495 1.24407 19.3289
80 5.565 1.19621 20.2211
81 5.635 1.30358 21.218
82 5.705 1.33657 22.2656
83 5.775 1.29464 23.3055
84 5.845 1.1831 24.2789
85 5.915 1.1599 25.2563
86 5.985 1.11844 26.2211
87 6.055 1.11927 27.2094
88 6.125 1.06098 28.168
89 6.195 0.987267 29.0805
90 6.265 0.959544 29.9875
91 6.335 0.973213 30.9281
92 6.405 1.04378 31.9594
93 6.475 0.981103 32.95
94 6.545 1.04353 34.0266
95 6.615 1.04158 35.1242
96 6.685 0.973422 36.1719
97 6.755 0.929892 37.1938
98 6.825 0.961057 38.2719
99 6.895 0.88296 39.2828
100 6.965 0.918798 40.3563
500 100
1 0.035 0 0
2 0.105 0 0
3 0.175 0 0
4 0.245 0 0
5 0.315 0 0
6 0.385 0 0
7 0.455 0 0
8 0.525 0 0
9 0.595 0 0
10 0.665 0 0
11 0.735 0 0
12 0.805 0 0
13 0.875 0 0
14 0.945 0 0
15 1.015 0 0
16 1.085 0 0
17 1.155 0 0
18 1.225 0 0
19 1.295 0 0
20 1.365 0 0
21 1.435 0 0
22 1.505 0 0
23 1.575 0 0
24 1.645 0 0
25 1.715 0 0
26 1.785 0 0
27 1.855 0 0
28 1.925 0 0
29 1.995 0 0
30 2.065 0 0
31 2.135 0 0
32 2.205 0 0
33 2.275 0.0125346 0.0015625
34 2.345 0.0176963 0.00390625
35 2.415 0.0166854 0.00625
36 2.485 0.0577817 0.0148437
37 2.555 0.228575 0.0507812
38 2.625 0.376604 0.113281
39 2.695 0.6208 0.221875
40 2.765 1.11165 0.426563
41 2.835 1.68705 0.753125
42 2.905 1.93345 1.14609
43 2.975 2.4043 1.65859
44 3.045 2.3895 2.19219
45 3.115 2.32343 2.73516
46 3.185 2.58377 3.36641
47 3.255 2.29626 3.95234
48 3.325 2.30036 4.56484
49 3.395 2.02636 5.12734
50 3.465 1.82644 5.65547
51 3.535 1.62503 6.14453
52 3.605 1.56753 6.63516
53 3.675 1.13849 7.00547
54 3.745 1.16803 7.4
55 3.815 0.95617 7.73516
56 3.885 0.909129 8.06563
57 3.955 0.924932 8.41406
58 4.025 0.90105 8.76562
59 4.095 0.756376 9.07109
60 4.165 0.820925 9.41406
61 4.235 0.750603 9.73828
62 4.305 0.679133 10.0414
63 4.375 0.694861 10.3617
64 4.445 0.724044 10.7063
65 4.515 0.639707 11.0203
66 4.585 0.686676 11.368
67 4.655 0.705103 11.7359
68 4.725 0.810778 12.1719
69 4.795 0.878987 12.6586
70 4.865 0.963521 13.2078
71 4.935 0.988329 13.7875
72 5.005 1.04376 14.4172
73 5.075 1.04035 15.0625
74 5.145 1.1066 15.768
75 5.215 1.2083 16.5594
76 5.285 1.17766 17.3516
77 5.355 1.17649 18.1641
78 5.425 1.21356 19.0242
79 5.495 1.23226 19.9203
80 5.565 1.31772 20.9031
81 5.635 1.25352 21.8617
82 5.705 1.2369 22.8313
83 5.775 1.26643 23.8484
84 5.845 1.24197 24.8703
85 5.915 1.24242 25.9172
86 5.985 1.18093 26.9359
87 6.055 1.14582 27.9477
88 6.125 1.08865 28.9312
89 6.195 1.1428 29.9875
90 6.265 1.14302 31.068
91 6.335 1.00312 32.0375
92 6.405 0.986059 33.0117
93 6.475 0.971044 33.9922
94 6.545 0.938268 34.9602
95 6.615 0.994132 36.0078
96 6.685 0.982133 37.0648
97 6.755 0.934868 38.0922
98 6.825 0.92554 39.1305
99 6.895 0.977124 40.2492
100 6.965 0.99503 41.4117
600 100
1 0.035 0 0
2 0.105 0 0
3 0.175 0 0
4 0.245 0 0
5 0.315 0 0
6 0.385 0 0
7 0.455 0 0
8 0.525 0 0
9 0.595 0 0
10 0.665 0 0
11 0.735 0 0
12 0.805 0 0
13 0.875 0 0
14 0.945 0 0
15 1.015 0 0
16 1.085 0 0
17 1.155 0 0
18 1.225 0 0
19 1.295 0 0
20 1.365 0 0
21 1.435 0 0
22 1.505 0 0
23 1.575 0 0
24 1.645 0 0
25 1.715 0 0
26 1.785 0 0
27 1.855 0 0
28 1.925 0 0
29 1.995 0 0
30 2.065 0 0
31 2.135 0 0
32 2.205 0.0200146 0.00234375
33 2.275 0.0125346 0.00390625
34 2.345 0.0294938 0.0078125
35 2.415 0.00556179 0.00859375
36 2.485 0.0735403 0.0195312
37 2.555 0.134163 0.040625
38 2.625 0.44251 0.114062
39 2.695 0.629733 0.224219
40 2.765 1.12862 0.432031
41 2.835 1.66687 0.754687
42 2.905 2.30246 1.22266
43 2.975 2.65719 1.78906
44 3.045 2.53643 2.35547
45 3.115 2.56413 2.95469
46 3.185 2.55819 3.57969
47 3.255 2.13706 4.125
48 3.325 2.25635 4.72578
49 3.395 2.0151 5.28516
50 3.465 1.72107 5.78281
51 3.535 1.60945 6.26719
52 3.605 1.30045 6.67422
53 3.675 1.21535 7.06953
54 3.745 1.10789 7.44375
55 3.815 0.933882 7.77109
56 3.885 0.902682 8.09922
57 3.955 0.825388 8.41016
58 4.025 0.758884 8.70625
59 4.095 0.686735 8.98359
60 4.165 0.813445 9.32344
61 4.235 0.69996 9.62578
62 4.305 0.665131 9.92266
63 4.375 0.621985 10.2094
64 4.445 0.76509 10.5734
65 4.515 0.744733 10.9391
66 4.585 0.825555 11.357
67 4.655 0.814386 11.782
68 4.725 0.883428 12.257
69 4.795 0.914259 12.7633
70 4.865 0.944333 13.3016
71 4.935 1.02163 13.9008
72 5.005 1.15253 14.5961
73 5.075 1.14741 15.3078
74 5.145 1.25365 16.107
75 5.215 1.12599 16.8445
76 5.285 1.20089 17.6523
77 5.355 1.16404 18.4563
78 5.425 1.23119 19.3289
79 5.495 1.16135 20.1734
80 5.565 1.31458 21.1539
81 5.635 1.28212 22.1344
82 5.705 1.24188 23.1078
83 5.775 1.25087 24.1125
84 5.845 1.27426 25.1609
85 5.915 1.31567 26.2695
86 5.985 1.2416 27.3406
87 6.055 1.20333 28.4031
88 6.125 1.20019 29.4875
89 6.195 1.16984 30.5688
90 6.265 1.12484 31.632
91 6.335 0.985338 32.5844
92 6.405 0.948894 33.5219
93 6.475 0.941642 34.4727
94 6.545 0.878443 35.3789
95 6.615 1.0223 36.4562
96 6.685 0.966163 37.4961
97 6.755 0.999562 38.5945
98 6.825 0.993789 39.7094
99 6.895 0.915713 40.7578
100 6.965 0.890044 41.7977
700 100
1 0.035 0 0
2 0.105 0 0
3 0.175 0 0
4 0.245 0 0
5 0.315 0 0
6 0.385 0 0
7 0.455 0 0
8 0.525 0 0
9 0.595 0 0
10 0.665 0 0
11 0.735 0 0
12 0.805 0 0
13 0.875 0 0
14 0.945 0 0
15 1.015 0 0
16 1.085 0 0
17 1.155 0 0
18 1.225 0 0
19 1.295 0 0
20 1.365 0 0
21 1.435 0 0
22 1.505 0 0
23 1.575 0 0
24 1.645 0 0
25 1.715 0 0
26 1.785 0 0
27 1.855 0 0
28 1.925 0 0
29 1.995 0 0
30 2.065 0 0
31 2.135 0 0
32 2.205 0 0
33 2.275 0 0
34 2.345 0.0176963 0.00234375
35 2.415 0.0111236 0.00390625
36 2.485 0.089299 0.0171875
37 2.555 0.218637 0.0515625
38 2.625 0.395434 0.117188
39 2.695 0.839644 0.264062
40 2.765 1.08619 0.464062
41 2.835 1.47314 0.749219
42 2.905 1.88348 1.13203
43 2.975 2.4153 1.64688
44 3.045 2.77083 2.26562
45 3.115 2.81486 2.92344
46 3.185 2.6797 3.57812
47 3.255 2.34525 4.17656
48 3.325 2.29156 4.78672
49 3.395 2.14738 5.38281
50 3.465 1.74808 5.88828
51 3.535 1.50562 6.34141
52 3.605 1.3279 6.75703
53 3.675 1.04722 7.09766
54 3.745 1.04313 7.45
55 3.815 0.924966 7.77422
56 3.885 0.887637 8.09688
57 3.955 0.831609 8.41016
58 4.025 0.879024 8.75313
59 4.095 0.818278 9.08359
60 4.165 0.761085 9.40156
61 4.235 0.671021 9.69141
62 4.305 0.722892 10.0141
63 4.375 0.738925 10.3547
64 4.445 0.717477 10.6961
65 4.515 0.730412 11.0547
66 4.585 0.700564 11.4094
67 4.655 0.844327 11.85
68 4.725 0.899411 12.3336
69 4.795 0.949531 12.8594
70 4.865 1.03342 13.4484
71 4.935 1.03228 14.0539
72 5.005 1.20563 14.7812
73 5.075 1.11718 15.4742
74 5.145 1.08944 16.1687
75 5.215 1.21545 16.9648
76 5.285 1.22296 17.7875
77 5.355 1.27717 18.6695
78 5.425 1.19262 19.5148
79 5.495 1.21077 20.3953
80 5.565 1.23602 21.3172
81 5.635 1.1534 22.1992
82 5.705 1.24188 23.1727
83 5.775 1.23725 24.1664
84 5.845 1.22298 25.1727
85 5.915 1.22852 26.2078
86 5.985 1.33941 27.3633
87 6.055 1.2865 28.4992
88 6.125 1.21317 29.5953
89 6.195 1.18929 30.6945
90 6.265 1.18765 31.8172
91 6.335 1.11629 32.8961
92 6.405 1.05011 33.9336
93 6.475 1.10645 35.0508
94 6.545 1.03141 36.1148
95 6.615 1.01786 37.1875
96 6.685 0.965437 38.2266
97 6.755 0.911407 39.2281
98 6.825 0.903951 40.2422
99 6.895 0.909572 41.2836
100 6.965 0.918129 42.3563
800 100
1 0.035 0 0
2 0.105 0 0
3 0.175 0 0
4 0.245 0 0
5 0.315 0 0
6 0.385 0 0
7 0.455 0 0
8 0.525 0 0
9 0.595 0 0
10 0.665 0 0
11 0.735 0 0
12 0.805 0 0
13 0.875 0 0
14 0.945 0 0
15 1.015 0 0
16 1.085 0 0
17 1.155 0 0
18 1.225 0 0
19 1.295 0 0
20 1.365 0 0
21 1.435 0 0
22 1.505 0 0
23 1.575 0 0
24 1.645 0 0
25 1.715 0 0
26 1.785 0 0
27 1.855 0 0
28 1.925 0 0
29 1.995 0 0
30 2.065 0 0
31 2.135 0 0
32 2.205 0.0133431 0.0015625
33 2.275 0.0250693 0.0046875
34 2.345 0.0117975 0.00625
35 2.415 0.0556179 0.0140625
36 2.485 0.115563 0.03125
37 2.555 0.168946 0.0578125
38 2.625 0.353066 0.116406
39 2.695 0.634199 0.227344
40 2.765 1.15408 0.439844
41 2.835 1.83234 0.794531
42 2.905 2.16024 1.23359
43 2.975 2.36399 1.7375
44 3.045 2.66938 2.33359
45 3.115 2.64771 2.95234
46 3.185 2.49743 3.5625
47 3.255 2.25034 4.13672
48 3.325 2.14779 4.70859
49 3.395 1.84905 5.22187
50 3.465 1.64541 5.69766
51 3.535 1.5134 6.15313
52 3.605 1.40778 6.59375
53 3.675 1.20094 6.98438
54 3.745 1.0547 7.34063
55 3.815 1.04978 7.70859
56 3.885 0.980054 8.06484
57 3.955 0.920784 8.41172
58 4.025 0.955113 8.78438
59 4.095 0.843427 9.125
60 4.165 0.845235 9.47813
61 4.235 0.777734 9.81406
62 4.305 0.633624 10.0969
63 4.375 0.703334 10.4211
64 4.445 0.738821 10.7727
65 4.515 0.751099 11.1414
66 4.585 0.692849 11.4922
67 4.655 0.832351 11.9266
68 4.725 0.838385 12.3773
69 4.795 1.00173 12.932
70 4.865 0.993674 13.4984
71 4.935 1.00831 14.0898
72 5.005 1.16548 14.793
73 5.075 1.11466 15.4844
74 5.145 1.13968 16.2109
75 5.215 1.12361 16.9469
76 5.285 1.21715 17.7656
77 5.355 1.11879 18.5383
78 5.425 1.2819 19.4469
79 5.495 1.29027 20.3852
80 5.565 1.29153 21.3484
81 5.635 1.28008 22.3273
82 5.705 1.27477 23.3266
83 5.775 1.15068 24.2508
84 5.845 1.20304 25.2406
85 5.915 1.24057 26.2859
86 5.985 1.21715 27.3359
87 6.055 1.23607 28.4273
88 6.125 1.18722 29.5
89 6.195 1.20873 30.6172
90 6.265 1.24137 31.7906
91 6.335 1.18095 32.932
92 6.405 1.0683 33.9875
93 6.475 1.0461 35.0438
94 6.545 1.05413 36.1313
95 6.615 1.0742 37.2633
96 6.685 0.998828 38.3383
97 6.755 0.943399 39.375
98 6.825 0.986128 40.4813
99 6.895 0.943007 41.5609
100 6.965 0.91746 42.6328
900 100
1 0.035 0 0
2 0.105 0 0
3 0.175 0 0
4 0.245 0 0
5 0.315 0 0
6 0.385 0 0
7 0.455 0 0
8 0.525 0 0
9 0.595 0 0
10 0.665 0 0
11 0.735 0 0
12 0.805 0 0
13 0.875 0 0
14 0.945 0 0
15 1.015 0 0
16 1.085 0 0
17 1.155 0 0
18 1.225 0 0
19 1.295 0 0
20 1.365 0 0
21 1.435 0 0
22 1.505 0 0
23 1.575 0 0
24 1.645 0 0
25 1.715 0 0
26 1.785 0 0
27 1.855 0 0
28 1.925 0 0
29 1.995 0 0
30 2.065 0 0
31 2.135 0 0
32 2.205 0 0
33 2.275 0 0
34 2.345 0.0117975 0.0015625
35 2.415 0.0111236 0.003125
36 2.485 0.0630346 0.0125
37 2.555 0.25342 0.0523438
38 2.625 0.456632 0.128125
39 2.695 0.768185 0.2625
40 2.765 1.20075 0.483594
41 2.835 1.57404 0.788281
42 2.905 2.00649 1.19609
43 2.975 2.21738 1.66875
44 3.045 2.54343 2.23672
45 3.115 2.66442 2.85938
46 3.185 2.57738 3.48906
47 3.255 2.21972 4.05547
48 3.325 2.15952 4.63047
49 3.395 1.9166 5.1625
50 3.465 1.9156 5.71641
51 3.535 1.79895 6.25781
52 3.605 1.42026 6.70234
53 3.675 1.2754 7.11719
54 3.745 1.21198 7.52656
55 3.815 1.06984 7.90156
56 3.885 0.894085 8.22656
57 3.955 0.97263 8.59297
58 4.025 0.784915 8.89922
59 4.095 0.791196 9.21875
60 4.165 0.805965 9.55547
61 4.235 0.850081 9.92266
62 4.305 0.686135 10.2289
63 4.375 0.62368 10.5164
64 4.445 0.732254 10.8648
65 4.515 0.763829 11.2398
66 4.585 0.785434 11.6375
67 4.655 0.791931 12.0508
68 4.725 0.852915 12.5094
69 4.795 0.880398 12.9969
70 4.865 0.922404 13.5227
71 4.935 0.983001 14.0992
72 5.005 1.0334 14.7227
73 5.075 1.06302 15.382
74 5.145 1.14581 16.1125
75 5.215 1.12361 16.8484
76 5.285 1.18463 17.6453
77 5.355 1.08259 18.393
78 5.425 1.18711 19.2344
79 5.495 1.1635 20.0805
80 5.565 1.29782 21.0484
81 5.635 1.3046 22.0461
82 5.705 1.31065 23.0734
83 5.775 1.27616 24.0984
84 5.845 1.28565 25.1562
85 5.915 1.26746 26.2242
86 5.985 1.18455 27.2461
87 6.055 1.28739 28.3828
88 6.125 1.23392 29.4977
89 6.195 1.17238 30.5813
90 6.265 1.20831 31.7234
91 6.335 1.16317 32.8477
92 6.405 1.1197 33.9539
93 6.475 1.15519 35.1203
94 6.545 1.09427 36.2492
95 6.615 1.04825 37.3539
96 6.685 0.977051 38.4055
97 6.755 0.981078 39.4836
98 6.825 0.997271 40.6023
99 6.895 1.0051 41.7531
100 6.965 1.01576 42.9398
1000 100
1 0.035 0 0
2 0.105 0 0
3 0.175 0 0
4 0.245 0 0
5 0.315 0 0
6 0.385 0 0
7 0.455 0 0
8 0.525 0 0
9 0.595 0 0
10 0.665 0 0
11 0.735 0 0
12 0.805 0 0
13 0.875 0 0
14 0.945 0 0
15 1.015 0 0
16 1.085 0 0
17 1.155 0 0
18 1.225 0 0
19 1.295 0 0
20 1.365 0 0
21 1.435 0 0
22 1.505 0 0
23 1.575 0 0
24 1.645 0 0
25 1.715 0 0
26 1.785 0 0
27 1.855 0 0
28 1.925 0 0
29 1.995 0 0
30 2.065 0 0
31 2.135 0 0
32 2.205 0 0
33 2.275 0.0125346 0.0015625
34 2.345 0.0176963 0.00390625
35 2.415 0.0333707 0.00859375
36 2.485 0.147081 0.0304687
37 2.555 0.233544 0.0671875
38 2.625 0.428387 0.138281
39 2.695 0.754786 0.270313
40 2.765 1.14559 0.48125
41 2.835 1.42874 0.757812
42 2.905 2.08336 1.18125
43 2.975 2.35666 1.68359
44 3.045 2.57142 2.25781
45 3.115 2.53739 2.85078
46 3.185 2.67651 3.50469
47 3.255 2.47996 4.1375
48 3.325 2.30916 4.75234
49 3.395 1.94193 5.29141
50 3.465 1.86696 5.83125
51 3.535 1.77818 6.36641
52 3.605 1.32042 6.77969
53 3.675 1.25859 7.18906
54 3.745 1.01306 7.53125
55 3.815 0.99406 7.87969
56 3.885 0.911279 8.21094
57 3.955 0.943596 8.56641
58 4.025 0.828966 8.88984
59 4.095 0.769917 9.20078
60 4.165 0.742385 9.51094
61 4.235 0.727091 9.825
62 4.305 0.710639 10.1422
63 4.375 0.703334 10.4664
64 4.445 0.753597 10.825
65 4.515 0.708133 11.1727
66 4.585 0.749943 11.5523
67 4.655 0.727558 11.932
68 4.725 0.839838 12.3836
69 4.795 0.88463 12.8734
70 4.865 0.997786 13.4422
71 4.935 0.986997 14.0211
72 5.005 1.02174 14.6375
73 5.075 1.08192 15.3086
74 5.145 1.06371 15.9867
75 5.215 1.24408 16.8016
76 5.285 1.1614 17.5828
77 5.355 1.15499 18.3805
78 5.425 1.21466 19.2414
79 5.495 1.2054 20.118
80 5.565 1.22135 21.0289
81 5.635 1.30153 22.0242
82 5.705 1.42926 23.1445
83 5.775 1.22849 24.1313
84 5.845 1.22203 25.1367
85 5.915 1.29064 26.2242
86 5.985 1.2407 27.2945
87 6.055 1.2051 28.3586
88 6.125 1.20192 29.4445
89 6.195 1.25353 30.6031
90 6.265 1.21988 31.7563
91 6.335 1.14862 32.8664
92 6.405 1.12681 33.9797
93 6.475 1.05229 35.0422
94 6.545 1.08897 36.1656
95 6.615 1.02082 37.2414
96 6.685 0.937127 38.25
97 6.755 0.954063 39.2984
98 6.825 1.00493 40.4258
99 6.895 0.956654 41.5211
100 6.965 0.989012 42.6766
